3 0.16646775021985358 0.69938271133988 0.14039941168843453 0.7377110500333872 0.11175833090088311 0.7839798854042256 0.09006054242546542 0.8101988921143676 0.06228737317693071 0.8533831384604833 0.025835088538228933 0.9011942683436832 0.0050052116018279415 0.9258709805414636 0.0032693885237945254 0.9412939256650764 0.0032693885237945254 0.9999011171348052 0.026703000077245655 0.998358822622444 0.02757091161626238 0.9937319390853598 0.11436206551793325 0.9536322817639666 0.11870162321301682 0.965970637862857 0.12477700398613376 0.9891050555482762 0.1004754808936659 0.9999011171348052 0.2410771502143727 1 0.26277493868979046 0.9567168707886893 0.28620855024324154 0.8981096793189606 0.3200571002648933 0.8148257756514513 0.3408869772012943 0.7546762896693613 0.3452265348963779 0.7423379335704711 0.3452265348963778 0.7284572829592194 0.35303773874752825 0.7284572829592194 0.35043400413047804 0.6945268036872712 0.3374153310452274 0.6837307421007424 0.35043400413047804 0.6559694408782392 0.35303773874752825 0.6235812561186522 0.28210457428366265 0.20520140017990346 0.2702017874628621 0.21842106742871448 0.2662248971134818 0.25245759397703554 0.260366494225119 0.328801172338919 0.2532062240282312 0.4178686804277831 0.24930062210265597 0.46529423668289244 0.24344221921429318 0.5185033973593567 0.24018755094298053 0.5451079776975889 0.2304235461290425 0.5786528833414468 0.21415020477247923 0.6179813934066594 0.19332032783607822 0.6584666243561431
3 0.49244915864026395 0.3063785766207997 0.4846379547891136 0.3021723188598144 0.4846379547891136 0.33792550982818953 0.49363267437528674 0.3459173995740616 0.492922564934273 0.31941797567985414
3 0.5653882604656797 0.35404140133510176 0.5502047265093758 0.34507614802186454 0.5504414296563803 0.3900831060644074 0.5625132901536126 0.39975749891467366 0.5625132901536126 0.3959718669297868 0.5636968058886355 0.3959718669297868 0.5641702121826445 0.40101937624296924 0.5663005405056857 0.4027018793473634
3 0.36060606349598273 0.20637071133419582 0.35277794531275436 0.19875446137638864 0.35325135160676346 0.2071669768983593 0.35419816419478173 0.22230950483790646 0.3627194774869457 0.2311426461359756 0.3624911492636081 0.22205369029149627 0.36218482754395515 0.20735653082075933
3 0.31467424531424915 0.1726996907283969 0.31206500402797055 0.17225904344195367 0.311828300880966 0.176465301202939 0.3122184705087384 0.18706631927744008 0.3149957874335919 0.18706631927744008 0.3167316105116253 0.1895339904972181 0.3153788480860344 0.18151281051612136
2 0.30697216750561346 0.17210705832686332 0.30483766793943146 0.1720867871717418 0.305074371086436 0.17545179338053002 0.3074414025564815 0.17713429648492418 0.30909832458551345 0.17418991605223444
3 0.30662083164686577 0.17755492226102276 0.30496390961783393 0.17713429648492426 0.30496390961783393 0.18260243157420517 0.30496390961783393 0.187229315111289 0.3066208316468658 0.18891181821568312 0.30733094108787945 0.18512618623079632
3 0.30296344433500616 0.17294880916861421 0.30011938520914067 0.1733486645000374 0.3001193852091406 0.17671367070882565 0.30224971353218166 0.18091992846981098 0.3039066355612136 0.18428493467859924 0.3041433387082181 0.17923742536541684
1 0.4929412122143189 0.28443772435595904 0.4843848950472881 0.2801420438366538 0.4843848950472881 0.2948639460001024 0.49385302092747035 0.2994908295371862 0.49385302092747035 0.2910783140152156
1 0.549759551141452 0.3112177641393872 0.5651141139385644 0.3186818805716817 0.5648774107915597 0.3401337951527068 0.549255003089259 0.3300387765263421
1 0.585599065404494 0.32999917376796734 0.5694635342647733 0.32188915211443303 0.568990127970764 0.3412379378149655 0.5883997860251378 0.3534360853218229 0.5883997860251378 0.3311429191886007
3 0.7943437528909383 0.49675620462906755 0.801683405451078 0.5009152936098789 0.8352952523257251 0.5219465824148055 0.8655932551423084 0.536668484578254 0.9013354303399965 0.5518110125178012 0.9318701363035843 0.5656916631290526 0.9792107657044958 0.5863023261578807 0.9998039394938921 0.596817970560344 0.9995672363468876 0.6594912111990252 1 0.7558794791760393 0.9276094796575023 0.6948887416417522 0.8864231320787094 0.6608180537777711 0.8485506285579802 0.6326361267791695 0.8506809568810213 0.6305329978986768 0.8502075505870121 0.6132873410786369 0.8452367844999166 0.61244608952644 0.8438165656178891 0.6141285926308341 0.8244069075635154 0.5989860646912869 0.8047605463621372 0.591752057946916 0.8012099991570688 0.5888076775142262 0.8002631865690507 0.5841807939771424 0.7860609977487772 0.5724032722463835 0.7777763876036178 0.571982646470285 0.7671247459884127 0.5660938856049055 0.7685449648704401 0.5555782412024423 0.764284308224358 0.5522132349936539 0.7633374956363397 0.5614670020678217 0.7048589267613181 0.5147775409208847 0.704858926761318 0.5101506573838008 0.7020184889972634 0.5072062769511111 0.7017817858502587 0.5130950378164906 0.6572687026463893 0.4756593437437214 0.6570319994993847 0.46766745399784926 0.6567952963523801 0.45252492605830197 0.656321890058371 0.4159304835377299 0.6582155152344077 0.4129861031050401 0.6923007684030638 0.43401739190996674
3 0.584587124099419 0.36415182752062647 0.5680072910989488 0.3540100753927899 0.5680072910989488 0.40280266542021953 0.5803158547431857 0.41373893559878133 0.5869435428593133 0.4183658191358652 0.5876536523003271 0.36662884867574586
1 0.3895396413166879 0.2185197926321157 0.37662419106463135 0.20766303982953557 0.37691349491097026 0.2179450032452775 0.39251533802188815 0.23107847651848615 0.39251533802188815 0.22050274271943732
1 0.3612799809090051 0.19577887463815508 0.3525871743459589 0.18950803014116835 0.35374438973131456 0.19773360087376182 0.36213420127514273 0.20544507343556823
1 0.3389501459104531 0.18953399049721809 0.3330483474451394 0.18768506781074842 0.32961644894665015 0.18560088404318645 0.3339560066417337 0.18868547306790903 0.3432137297245786 0.19742514197128963 0.3432137297245786 0.1897136694094832
1 0.32759954056668067 0.17581599929912917 0.3226731566345164 0.1757301991640743 0.3287485374076334 0.18344167172588074
3 0.41396681541858554 0.221895629264673 0.3927550507540355 0.20863781781316834 0.39311451030594885 0.22075051040585836 0.416258818013061 0.23668755370025835 0.41568021032038327 0.2289760811384519
3 0.3872060220481621 0.20545002267683202 0.3761943682072134 0.19814487941039155 0.3761943682072134 0.2094550391677076 0.3912381682168364 0.21870880624187528 0.3912381682168364 0.2073986464845593
3 0.37250689036747253 0.19752711354022517 0.36149773281319725 0.1907418657510574 0.3617870366595361 0.1989674364836509 0.37538431743746453 0.20822120355781856 0.37538431743746453 0.19999563282522506
3 0.35884954056668067 0.18826785428096596 0.35189284511474567 0.18457268770161228 0.3521821489610846 0.19074186575105745 0.3611505681975906 0.19588284745892837
3 0.34993744592302806 0.18137558245708515 0.34298228664750746 0.17614147770070393 0.3435608943401852 0.18333885209172324 0.3519507058840134 0.18899393197038125 0.3519507058840134 0.18488114660408453
1 0.4097754664926066 0.8910493811462151 0.4236401990067936 0.9700700135768497 0.4357909605530275 0.9628726391858305 0.4994378067475862 0.9238011782060114 0.544569206776455 0.8934693861295728 0.5075383144450755 0.7911638501429411 0.48150096827457417 0.8163546605115087 0.4383946951700776 0.8559402196621151 0.42740114900919934 0.866736281248644 0.41496108361662654 0.8806169318598955
1 0.28013194797439855 0.20280045263006202 0.28127153573481334 0.19916234375138184 0.27895710496410214 0.18836628216485285 0.2775105857324076 0.1821971041154077 0.2777998895787465 0.1749997297243884 0.2801143203494577 0.17037284618730458 0.28618970112257464 0.16883055167494324 0.2865408444272817 0.1835346237757529 0.28879343573962485 0.19042267484800118 0.30441584344192557 0.23874790290198808 0.32322059345395426 0.29324230900542 0.34925793962445556 0.3626455620616777 0.3669054742511287 0.41251308462802583 0.3923642127289521 0.48141955319286867 0.43199883967738173 0.5894941983942745 0.4612185281576109 0.6671230221831257 0.5011424589523795 0.7746620699000876 0.4797339743233008 0.7931696040484228 0.4484891589186992 0.821445003441713 0.4288164973676538 0.8384997922965455 0.41666573582141986 0.8508381483954358 0.4053828858142027 0.8652328971774744 0.37963484349004034 0.7140880349660688 0.3680626896364842 0.7197431148447269 0.3599621819389949 0.677072966669398 0.3645910434804173 0.6698755922783786 0.3576477511682837 0.6631923160581464 0.35562262424391133 0.6420460299242566 0.34954724347079436 0.6158270232141148 0.3171452126808373 0.42239377437381365 0.2882148280469469 0.2521387242286936
1 0.45721528130773187 0.40723836932466256 0.3958358588850189 0.3264025418087568 0.3761631973339735 0.32845893449190516 0.3981502896557301 0.36598810095936307 0.44038865122121 0.4328208631616853 0.47250137816482823 0.4852588765819688 0.5428474435087688 0.5953941001100062 0.5709099166036424 0.6396065427976962 0.6030226435472605 0.6894740653640444 0.6064942897033274 0.6853612799977477 0.6001296050838716 0.6719947275572832 0.5960793512351269 0.66017046962918 0.5949221358497713 0.649374408042651 0.5966579589278047 0.6390924446269092 0.6024440358545827 0.6288104812111672 0.6073622012423442 0.6252117940156576 0.607651505088683 0.6159580269414899 0.6018654281619049 0.6067042598673222 0.5966579589278047 0.594365903768432
3 0.5387197381169972 0.7512314540931817 0.6029040416779481 0.6936130372818566 0.5537223878003344 0.6158956578738143 0.4246928723331837 0.41169182117310754 0.37724704153360367 0.3344793862940332 0.3969197030846491 0.33036660092773645 0.432793380030673 0.3766354362985749 0.4675098415913414 0.42239017349862623 0.4935471877618427 0.4573488491121486 0.5184273185469883 0.4912793283840969 0.5982751801365256 0.5977923781944346 0.5956714455194754 0.5875104147786928 0.5959607493658142 0.5782566477045251 0.5988537878292033 0.5736297641674413 0.6029040416779481 0.5659182916056349 0.6092687262974039 0.5618055062393381 0.6092687262974039 0.5484389537988738 0.6014575224462535 0.5350724013584092 0.5959607493658142 0.5263327324550287 0.5937719337904602 0.5151975073641705 0.5945158579667603 0.5066047236524434 0.5974915546719604 0.49602898985339455 0.6030709859942107 0.4887581728665485 0.397209006930988 0.2897417045944021 0.3348285220796385 0.2138126896010943 0.32109973955337423 0.20708267718351772 0.3149454577312557 0.2037176709747295 0.30642414443909166 0.19194014924397065 0.3027670826462531 0.1966365981055263 0.2983762374409367 0.19698765855715303 0.2924297993860797 0.18828770593445485 0.28957645476980826 0.1750102504985547 0.2884192393844527 0.18117942854799982 0.2907336701551639 0.19043319562216748 0.2945889870888639 0.20035266476594127 0.29854487400631424 0.21305351513679963 0.30780259708915914 0.2341315401390705 0.3130100663232594 0.248012190750322 0.31648171247932627 0.26137874319078647 0.3205319663280709 0.28502725904699283 0.32255709325244314 0.29479512429194765 0.3419404509571497 0.3482613340538054 0.37781412790317365 0.4439568229547591 0.3992226125322525 0.5030781125952749 0.4434861010221046 0.6245398159603333 0.4631587625731501 0.6759496330390425 0.5025040856752409 0.781950571877928
3 0.6069444550408256 0.7040123409695096 0.5075135997025736 0.7949648942253612 0.5461976568701755 0.8967563320412059 0.5252384715267086 0.9088206120365703 0.4696921330296392 0.9442933858208796 0.4245607330007703 0.9735969815557441 0.4315040253129041 1 0.9991865306166381 0.9967313992411633 1 0.8718055437398994 0.6546256496270048 0.5309584565080561 0.6537577380879881 0.628123010786817 0.6554935611660215 0.634292188836262 0.6667764111732386 0.628123010786817 0.6745876150243891 0.6404613668857072 0.6745876150243891 0.6527997229845974 0.6676443227122555 0.6558843120093201 0.6667764111732386 0.6527997229845974 0.6520219150099548 0.6651380790834878 0.6898837924678041 0.7121092163354414 0.7358983218266848 0.7751353933521448 0.7173002174191839 0.7857111271511935 0.678616160251582 0.8134724283736966 0.6295171646157794 0.7354763916057117 0.6233808342224033 0.7237452705532164 0.6086872876793785 0.7275445912564251
1 0.6502105520826653 0.671465640334251 0.6496031173758805 0.7500180255794038 0.6429077997891802 0.7566278592038093 0.6786161602515821 0.8108284949239343 0.7329226251214845 0.7724914599023825 0.6570715821460519 0.6727093430532612
1 0.6382152883698128 0.7364197483769169 0.6311920380735536 0.732999037627384 0.641606976541754 0.7530488662880808 0.6433427996197875 0.7453373937262744
3 0.643359382947286 0.4033254115823425 0.5892429738310934 0.36959775348165785 0.5898939074853561 0.42512035592666403 0.6185349882729074 0.44709805272781233 0.6185349882729074 0.4390010065379156 0.6224405901984826 0.44362789007499936 0.6224405901984826 0.45172493626489607 0.6484779363689838 0.4725459121817734 0.651081670986034 0.41008298443114155
1 0.5043079753349013 0.2904205041228351 0.4962778128450537 0.2855251764839638 0.49682027431710557 0.29960357409304156 0.5011598320121892 0.30165996677618995 0.5060779973999506 0.30525865397169966
1 0.6477500824196628 0.358774882838438 0.5890477019625328 0.33101358161593497 0.5895211082565417 0.3537273735252557 0.652484145359754 0.3907424418219264 0.6534309579477722 0.3646636437038175
3 0.5455992375519921 0.33878595362489 0.5228165596528035 0.32548366345577395 0.5231420264799348 0.367703975731664 0.5407172351450231 0.38100626590078013 0.5407172351450231 0.3775361032479672 0.5433209697620732 0.3775361032479672 0.5433209697620732 0.383319707669322 0.5478775053419109 0.3867898703221349 0.5482029721690423 0.33994267450916094
3 0.517968753973643 0.3231932296614949 0.5068686851233715 0.316177318159594 0.5078450856047653 0.35839763043548406 0.5198873582086221 0.36649467662538077 0.5189109577272283 0.32716616656016806
3 0.5038234726796339 0.31283017100154514 0.49467847305263685 0.30813285019170955 0.4953294067068994 0.3468829998147867 0.5041170110394436 0.35208824379400605 0.5050934115208373 0.3451479184883803
1 0.5184374974270173 0.29819076056942667 0.5067206916502918 0.29356387703234277 0.507046158477423 0.3080228880857298 0.5187629642541486 0.3155415738334911
1 0.5479166706403097 0.31188170343591404 0.5208637046838139 0.29966157773949853 0.5211891715109452 0.317012391003563 0.5478774513357091 0.3326281229412209
1 0.4757812552981907 0.27441928964605705 0.4557798869748991 0.26273161887840246 0.4557798869748991 0.27506997497729274 0.4831191004539253 0.29203521461326687 0.4831191004539253 0.2796968585143766
3 0.47878007122640376 0.29371792043083167 0.45660834798941496 0.2812458296263586 0.4587781268369566 0.31594745615448744 0.4683251537661405 0.3244300759724744 0.4683251537661405 0.32134548694775183 0.47006097684417386 0.32134548694775183 0.47006097684417386 0.3244300759724744 0.4765703133867991 0.3298281067657389 0.4765703133867991 0.3259723704848357 0.47874009223434094 0.3259723704848357 0.47874009223434094 0.3329126957904615 0.4835136056989329 0.3352261375590034 0.4830796499294245 0.29743992200615205
1 0.4425216784821797 0.2541208456001247 0.4216918015457786 0.2435451118010759 0.4194600290168785 0.2422231450761948 0.41946002901687857 0.2527988788752436 0.4551683894792803 0.2752723131982223 0.4544244653029802 0.26205264594941136
3 0.3212447505145122 0.16975307700633446 0.32263340897693893 0.1932354973268852 0.3174259397428386 0.1895339904972181 0.3167316105116253 0.16851924139644545
1 0.6809722264607747 0.37627884061891953 0.6583417650884484 0.3662275726951141 0.6562587773948084 0.3933719561126728 0.779521226118309 0.4618498324615136 0.7784797322714887 0.4402577092884556 0.7836872015055892 0.4402577092884556 0.7822985430431622 0.4624667502664581 0.8246835286134462 0.48666576450735377 0.8250306932290528 0.46507364133429585 0.8288495040007262 0.4619890523095733 0.8278080101539061 0.49036727133702096 0.9979500794301922 0.5859895311034204 1 0.5329345998781922 0.7146637530951384 0.3947450115706214
3 0.30937500489063746 0.17464387247025795 0.3077659799837654 0.17962405077705543 0.3087468243526716 0.183364812447773 0.31152414127752504 0.184598648057662
3 0.41728020310315905 0.25253223517334383 0.3988634909929817 0.2385597912662634 0.39291209758258144 0.23393290772917957 0.3947719080233315 0.2656601091263259 0.3984915289048317 0.26698207585120703 0.39765204983616587 0.26143008812927426 0.39925434806204285 0.26214191636574874 0.3990540607838082 0.26854837049401864 0.4033270360507819 0.2709479760258503 0.40265923179203145 0.2653451434298837 0.40426153001790843 0.26748062813930706 0.404814884403382 0.27359190947561246 0.40741861902043214 0.27623584292537473 0.40741861902043214 0.2749138762004937 0.40965039154933225 0.2749138762004937 0.40965039154933225 0.278879776375137 0.4129980503426824 0.2808627264624585 0.4129980503426824 0.27887977637513695 0.4152298228715825 0.27887977637513695 0.4152298228715825 0.28416764327466126 0.4185774816649327 0.2874725600868641 0.41783355748863266 0.265660109126326
1 0.4163195631898026 0.23755583250745707 0.3925814684462321 0.218985687450009 0.3925814684462321 0.23132404354889927 0.4165936876923611 0.2498315776972346
3 0.3842495176716717 0.22422917739503093 0.3920607215228221 0.2293701591029019 0.393083494920283 0.26232975239471773 0.3909392428827123 0.2601523954360901 0.37776740893763516 0.2481769321636378 0.3771547654983293 0.2345684511722147 0.37730622535953806 0.23965212251864376 0.37643831382052134 0.22320098105345673 0.3764383138205213 0.2185740975163729
3 0.3640227578618729 0.21675545502550234 0.36465785047109467 0.2238694033497044 0.36494273960816476 0.2363768670906305 0.37688928667463 0.24780799112342586 0.37719459180695 0.23907336385143618 0.3762756266479911 0.2183884727444731 0.3681059790018573 0.2111198297384633 0.36279747098326104 0.20641300947202076
2 0.3007432689109823 0.1759563697522264 0.2936421745008456 0.17343261509563526 0.29174854932480915 0.17763887285662053 0.2924228865922151 0.18335236349489875 0.3026368940870188 0.18605138837859111
3 0.3472822695048601 0.19702343261994398 0.3445049525800066 0.19455576140016592 0.34611927072420434 0.21488153086725267 0.35393047457535476 0.22413529794142034 0.35190534765098236 0.1994585857436398 0.3504588284192878 0.1994585857436398
3 0.44613935649192443 0.27801419701252933 0.43514581033104605 0.27030272445072295 0.42588808724820115 0.26310535005970365 0.4229950487848121 0.2589925646934069 0.4215485295531176 0.2533374848147488 0.41778757955071194 0.25179519030238756 0.4192340987824064 0.2872679640866971 0.42415226417016777 0.2903525531114196 0.42415226417016777 0.2862397677451229 0.4267559987872179 0.2872679640866971 0.4267559987872179 0.29292304396535507 0.43225277186765704 0.2965217311608648 0.43225277186765704 0.29138074945299386 0.4345672026383683 0.29189484762378093 0.4342778987920293 0.29909222201480024 0.4391960641797907 0.3026909092103099 0.4391960641797907 0.29806402567322604 0.441221191104163 0.29857812384401317 0.441221191104163 0.3057754982350325 0.44787517956995776 0.31040238177211626 0.44729657187728 0.3047473018934583 0.4499003064943301 0.3047473018934583 0.4499003064943301 0.3124587744552647 0.4559756872674471 0.31708565799234856 0.4542398641894137 0.2810987860372519
2 0.30157773824514333 0.18470719210766742 0.2950584501588047 0.18542836048091155 0.29853009631487154 0.19545327481125988 0.3046054770879885 0.19468212755507924
3 0.3337701255667286 0.18792665483857643 0.3304224667733784 0.1846013384817479 0.3323540182139261 0.20187234659610834 0.34485194437576666 0.21297686708510957 0.344557334729948 0.19718316800528993 0.3389501459104531 0.18830015488732907
1 0.37507440930321106 0.20886572715513052 0.3616672821779798 0.19812946463303113 0.36241120635427987 0.2054002816198771 0.3750579173513805 0.21663699878136652
1 0.3516369093032111 0.18836308165248494 0.34381310194677905 0.183587830659339 0.343813101946779 0.19284159773350668 0.35236822997422945 0.1981294646330311
3 0.28939394517378375 0.18030302773421059 0.29269536191282736 0.17343261509563518 0.2983762374409367 0.1725913635434382 0.2983762374409367 0.16670260267805873 0.2874878926787271 0.1667026026780587 0.2855942675026907 0.1734326150956352
2 0.33618055979410805 0.17604938083224825 0.33027103052028595 0.17719563439832783 0.3309653597514993 0.1883001548873291 0.33686715821681296 0.1895339904972181
3 0.34208333757188586 0.17666666478286555 0.33929731052605977 0.1765787165933833 0.33651999360120627 0.1691757029340492 0.3337426766763528 0.17226029195877174 0.3351313351387795 0.1747279631785498 0.33651999360120627 0.17781255220327233 0.3431161212977333 0.18274789464282845
1 0.34208333757188586 0.18283950428903836 0.33721432283241964 0.17781255220327236 0.33721432283241964 0.1852155658626065 0.34242179206651985 0.19076782610710716
1 0.32819444868299696 0.16740740552360628 0.32228624436133224 0.1685587851291047 0.3281880428266459 0.17657871659338334
3 0.32819444868299696 0.18962962774582853 0.3240220674393656 0.18949444676455884 0.3240220674393656 0.19628054261894848 0.32922953667346594 0.1975143782288375
2 0.32537871510415667 0.18030202915510307 0.3244135836114381 0.18689263993078828 0.32914764655152934 0.18773389148298536