3 0.16423597769095347 0.69938271133988 0.13816763915953442 0.7377110500333872 0.10952655837198298 0.7839798854042256 0.08782876989656531 0.8101988921143676 0.0600556006480306 0.8533831384604833 0.023603316009328818 0.9011942683436832 0.0027734390729278265 0.9258709805414636 0.0010376159948944105 0.9412939256650764 0.0010376159948944105 0.9999011171348052 0.02447122754834554 0.998358822622444 0.025339139087362263 0.9937319390853598 0.11213029298903314 0.9536322817639666 0.1164698506841167 0.965970637862857 0.12254523145723364 0.9891050555482762 0.09824370836476579 0.9999011171348052 0.2388453776854726 1 0.26054316616089035 0.9567168707886893 0.2839767777143415 0.8981096793189606 0.31782532773599315 0.8148257756514513 0.33865520467239413 0.7546762896693613 0.3429947623674777 0.7423379335704711 0.34299476236747767 0.7284572829592194 0.3508059662186281 0.7284572829592194 0.3482022316015779 0.6945268036872712 0.33518355851632725 0.6837307421007424 0.3482022316015779 0.6559694408782392 0.3508059662186281 0.6235812561186522 0.2789645986326199 0.20040515418484225 0.26789872651015684 0.2108156421432809 0.2639931245845817 0.25245759397703554 0.2581347216962188 0.328801172338919 0.250974451499331 0.4178686804277831 0.24706884957375586 0.46529423668289244 0.24121044668539307 0.5185033973593567 0.2379557784140804 0.5451079776975889 0.2281917736001424 0.5786528833414468 0.21191843224357912 0.6179813934066594 0.1910885553071781 0.6584666243561431
3 0.41674107596987775 0.2507936487752925 0.3936560217588815 0.23477736533237092 0.3947719080233315 0.24733604921874136 0.3958877942877816 0.2671655500919579 0.41894944375308274 0.28699505096517447 0.4174615954004826 0.26386063327975523
3 0.45208333787463967 0.2825396805213242 0.4319681168383333 0.2691485001792796 0.4256447613397831 0.2638606332797552 0.42304102672273286 0.25592883293046853 0.4182055195767827 0.2526239161182658 0.42080925419383275 0.28831701769005547 0.4360596998079835 0.30087570157642596 0.45651761465623447 0.31673930227499913 0.45540172839178444 0.2942658679520204 0.45540172839178444 0.28435111751541214
3 0.47874053319295246 0.30016834888394034 0.4576537960305939 0.2870297909202672 0.4590740149126213 0.32025922723205125 0.46901554708681265 0.3282511169779233 0.46901554708681265 0.32488611076913504 0.47019906282183543 0.32488611076913504 0.47043576596883996 0.3299336200823174 0.4773001572319721 0.3337192520672042 0.47777356352598127 0.3295129943062189 0.4782469698199904 0.3299336200823174 0.4787203761139995 0.3362430067237955 0.48369114220109516 0.33876676138038664 0.48321773590708605 0.3021723188598144
3 0.49292256493427294 0.30848170550129234 0.4851113610831226 0.304275447740307 0.4851113610831226 0.3400286387086822 0.49410608066929573 0.3480205284545543 0.49339597122828205 0.32152110456034677
3 0.5653882604656797 0.35572390443949586 0.5502047265093758 0.34675865112625864 0.5504414296563803 0.39176560916880154 0.5625132901536126 0.40144000201906777 0.5625132901536126 0.39765437003418097 0.5636968058886355 0.39765437003418097 0.5641702121826445 0.40270187934736335 0.5663005405056857 0.40438438245175756
3 0.3750443977260035 0.22099154407279778 0.3632092403757757 0.21005527389423595 0.36297253722877115 0.21426153165522127 0.36462945925780305 0.23655469778844343 0.37693802290204004 0.24749096796700526 0.37575450716701725 0.22688030493817724
3 0.38570076046567975 0.22735690107249248 0.37670131975503546 0.22141216984889633 0.37788483549005825 0.24959409684749792 0.37883164807807646 0.25085597417579353 0.37883164807807646 0.24875284529530084 0.3804885701071084 0.24917347107139942 0.3807252732541129 0.2529591030562862 0.3826188984301494 0.2538003546084832 0.3838024141651722 0.25127659995189205 0.3838024141651722 0.2554828577128774 0.3861694456352177 0.2571653608172715 0.3861694456352177 0.2559034834889759 0.3868795550762314 0.2559034834889759 0.3868795550762314 0.2596891154738627 0.39398064948636813 0.26473662478704507 0.39090350857530887 0.23192781425135958
3 0.36060606349598273 0.20883838255397397 0.35277794531275436 0.20122213259616678 0.35325135160676346 0.20963464811813745 0.35419816419478173 0.22477717605768457 0.3627194774869457 0.23361031735575372 0.3627194774869457 0.22603905338598018 0.3620093680459321 0.21594403475961538
3 0.35136932107182495 0.19999999871559013 0.3444933351675949 0.19407149440249175 0.34496674146160405 0.20248400992446242 0.3456768509026177 0.2129996543269257 0.3454401477556131 0.21636466053571393 0.35277794531275436 0.22267404717719194 0.3525412421657499 0.21762653786400954 0.3523045390187453 0.20542839035715213
3 0.31916609843810734 0.17135770249317106 0.3163256606740526 0.16715144473218574 0.3165623638210571 0.17472270870195933 0.3170357701150663 0.18565897888052113 0.3179825827030845 0.19238899129809767 0.32247994249617107 0.1961746232829844 0.32200653620216196 0.18439710155222555 0.3217698330551574 0.17219895404536814
3 0.31467424531424915 0.16675084046643188 0.31206500402797055 0.16631019317998869 0.311828300880966 0.17051645094097398 0.311828300880966 0.1877621077610138 0.31679906696806176 0.1907064881937035 0.3156155512330389 0.18355585000002847 0.3153788480860344 0.17556396025415638
2 0.30662500289000677 0.16717171588730728 0.30449050332382477 0.16715144473218577 0.30472720647082935 0.17051645094097398 0.30709423794087487 0.17219895404536814 0.30875115996990676 0.1692545736126784
3 0.31064478514594324 0.16715144473218574 0.31111819143995234 0.1869208562088167 0.30780434738188855 0.1852383531044226 0.30756764423488403 0.18271459844783142 0.30756764423488403 0.1789289664629446 0.30709423794087487 0.17261957982146664 0.3085144568229022 0.16883394783657985 0.307567644234884 0.16757207050828427
3 0.30662083164686577 0.17261957982146664 0.30496390961783393 0.17219895404536814 0.30496390961783393 0.17766708913464904 0.30496390961783393 0.1822939726717329 0.3066208316468658 0.18397647577612702 0.30733094108787945 0.1801908437912402
3 0.30331060895061285 0.16801346672905815 0.30046654982474735 0.16841332206048135 0.3004665498247473 0.1717783282692696 0.30259687814778835 0.1759845860302549 0.30425380017682024 0.17934959223904318 0.30449050332382477 0.1743020829258608
1 0.4508011392536431 0.2597643084798999 0.4195282327680394 0.2411815813255273 0.417634607592003 0.2403403297733302 0.4185814201800212 0.2516972257279906 0.4545602985247139 0.2756728949656069 0.45456029852471386 0.26263349590655244
1 0.48015719985970373 0.2770202007357922 0.4559805174067412 0.2630541216826509 0.45645392370075033 0.27693477229390245 0.48201786357724247 0.29207730023344963 0.4820178635772425 0.28324415893538046 0.4820178635772425 0.27903790117439514
1 0.49246780592030975 0.2837542074697989 0.48391148875327894 0.27945852695049367 0.48391148875327894 0.29418042911394227 0.49337961463346125 0.2988073126510261 0.49337961463346125 0.29039479712905547
1 0.5502329574354613 0.31363636235195375 0.5655875202325736 0.32110047878424824 0.565350817085569 0.3425523933652734 0.5497284093832683 0.33245737473890863
1 0.5848001922833536 0.3321548808704723 0.5686646611436328 0.324044859216938 0.5681912548496235 0.34339364491747043 0.5876009129039974 0.35559179242432787 0.5876009129039974 0.3332986262911057
1 0.6707386392535585 0.37592592464151603 0.7130977275657638 0.3973088105202895 0.7817416401970853 0.4322207499364676 0.8333540153725293 0.45661704495018246 0.8674486950782736 0.47271008563617495 0.9993341380748911 0.5379070809314473 0.9995708412218957 0.5904853029437638 0.8267775439085692 0.4916382455606088 0.8289078722316101 0.4840669815908352 0.8298546848196283 0.4659800732185984 0.8267775439085692 0.4659800732185984 0.8248839187325326 0.47018633097958373 0.8244105124385236 0.4916382455606088 0.7834608680067352 0.46892445365128815 0.7834608680067352 0.45925006080102193 0.7841709774477489 0.4415837782048836 0.780857133389685 0.4424250297570807 0.7789635082136486 0.44536941018977033 0.7794369145076577 0.4676625763229925 0.6612794201514279 0.3977862720874895 0.6612794201514279 0.39189751122211014 0.6612794201514279 0.38811187923722335 0.6584389823873732 0.38264374414794244 0.657492169799355 0.3696043450888879
3 0.7943437528909383 0.5001212108378559 0.801683405451078 0.5042802998186672 0.8352952523257251 0.5253115886235937 0.8655932551423084 0.5400334907870422 0.9013354303399965 0.5551760187265894 0.9318701363035843 0.5690566693378409 0.9792107657044958 0.589667332366669 0.9998039394938921 0.6001829767691323 0.9995672363468876 0.6628562174078135 1 0.7592444853848275 0.9276094796575023 0.6982537478505405 0.8864231320787094 0.6641830599865594 0.8485506285579802 0.6360011329879578 0.8506809568810213 0.6338980041074651 0.8502075505870121 0.6166523472874252 0.8452367844999166 0.6158110957352282 0.8438165656178891 0.6174935988396224 0.8244069075635154 0.6023510709000752 0.8047605463621372 0.5951170641557043 0.8012099991570688 0.5921726837230145 0.8002631865690507 0.5875458001859306 0.7860609977487772 0.5757682784551719 0.7777763876036178 0.5753476526790733 0.7671247459884127 0.5694588918136938 0.7685449648704401 0.5589432474112306 0.764284308224358 0.5555782412024423 0.7633374956363397 0.56483200827661 0.7048589267613181 0.518142547129673 0.704858926761318 0.5135156635925892 0.7020184889972634 0.5105712831598994 0.7017817858502587 0.5164600440252788 0.6572687026463893 0.4790243499525097 0.6570319994993847 0.4710324602066375 0.6567952963523801 0.4558899322670903 0.656321890058371 0.41929548974651815 0.6582155152344077 0.41635110931382835 0.6923007684030638 0.437382398118755
3 0.584587124099419 0.3675168337294148 0.5680072910989488 0.3573750816015782 0.5680072910989488 0.4061676716290079 0.5803158547431857 0.41710394180756966 0.5869435428593133 0.42173082534465356 0.5876536523003271 0.36999385488453423
1 0.41067708863152397 0.23549382480574244 0.39239538360219206 0.22117647746165336 0.3932632951412087 0.23454302990211784 0.4028103220703926 0.24225450246392427 0.416407602848321 0.2509941713673049 0.4158289951556432 0.2386558152684146
1 0.38894213315927323 0.21923456632459362 0.37590506436087456 0.21140861221669863 0.37619436820721347 0.22169057563244052 0.39181677590951425 0.23197253904818235 0.39152747206317534 0.22117647746165336
1 0.3724490776037177 0.2079176938966101 0.3620184797366072 0.19907025611780832 0.3623077835829462 0.20883812136276317 0.37503715282185796 0.2201482811200792 0.3753264566681968 0.20986631770433734
1 0.36058565167779183 0.1976296280529887 0.3518928451147456 0.19135878355600197 0.3530500605001013 0.19958435428859544 0.36143987204392947 0.20729582685040185
1 0.34930092945556956 0.18888477208591048 0.3437923374172564 0.1846755073357697 0.34437094510993416 0.19341517623915033 0.35160354126840676 0.1985561579470213 0.35160354126840676 0.19033058721442778
1 0.3403206912611896 0.18210501648183425 0.32932714510031125 0.17285124940766655 0.32961644894665015 0.18004862379868586 0.3339560066417337 0.18313321282340844 0.3432137297245786 0.191872881726789 0.3432137297245786 0.1841614091649826
1 0.32759954056668067 0.17088065685957304 0.3226731566345164 0.17079485672451816 0.3287485374076334 0.17850632928632462
3 0.4132476887148288 0.2233497926620422 0.3921060797558532 0.21089451404591153 0.3923953836021921 0.22220467380322756 0.4155396913093043 0.23814171709762755 0.41496108361662654 0.2304302445358211
3 0.3872060220481622 0.2079176938966101 0.37619436820721347 0.20061255063016964 0.37619436820721347 0.2119227103874857 0.39123816821683643 0.22117647746165336 0.39123816821683643 0.2098663177043374
3 0.37215972575186584 0.19814403134516975 0.36115056819759056 0.19135878355600197 0.3614398720439294 0.19958435428859547 0.3750371528218579 0.20883812136276314 0.3750371528218579 0.20061255063016964
3 0.35884954056668067 0.18888477208591048 0.35189284511474567 0.1851896055065568 0.3521821489610846 0.19135878355600197 0.3611505681975906 0.1964997652638729
3 0.34959028130742137 0.18322633587191872 0.3426351220319008 0.1779922311155375 0.3432137297245786 0.18518960550655678 0.35160354126840676 0.19084468538521482 0.35160354126840676 0.1867319000189181
3 0.3371383489514616 0.17233715123687948 0.3345346143344115 0.17233715123687945 0.33164157587102244 0.16822436587058273 0.32932714510031125 0.17182305306609238 0.3354025258734282 0.1790204274571117 0.3426351220319008 0.1841614091649826 0.34176721049288405 0.1779922311155375 0.3394527797221728 0.17747813294475043
1 0.4097754664926066 0.8910493811462151 0.4236401990067936 0.9700700135768497 0.4357909605530275 0.9628726391858305 0.4994378067475862 0.9238011782060114 0.544569206776455 0.8934693861295728 0.5075383144450755 0.7911638501429411 0.48150096827457417 0.8163546605115087 0.4383946951700776 0.8559402196621151 0.42740114900919934 0.866736281248644 0.41496108361662654 0.8806169318598955
1 0.2801319479743985 0.20784796194324445 0.2812715357348133 0.20420985306456427 0.2789571049641021 0.19341379147803528 0.27751058573240756 0.18724461342859014 0.27779988957874646 0.18004723903757083 0.28011432034945766 0.175420355500487 0.2861897011225746 0.17387806098812567 0.28503248573721895 0.18107543537914503 0.2887934357396248 0.1954701841611836 0.3044158434419255 0.2437954122151705 0.3232205934539542 0.2982898183186024 0.3492579396244555 0.3676930713748601 0.36690547425112857 0.41756059394120826 0.39236421272895206 0.4864670625060511 0.4319988396773817 0.594541707707457 0.46121852815761083 0.6721705314963081 0.5011424589523795 0.77970957921327 0.4797339743233007 0.7982171133616053 0.44848915891869917 0.8264925127548954 0.42881649736765376 0.8435473016097279 0.4166657358214198 0.8558856577086182 0.4053828858142026 0.8702804064906569 0.37963484349004023 0.7191355442792512 0.36806268963648414 0.7247906241579093 0.3599621819389948 0.6821204759825804 0.36459104348041727 0.674923101591561 0.35764775116828357 0.6682398253713289 0.3556226242439113 0.6470935392374391 0.3495472434707943 0.6208745325272972 0.31714521268083723 0.42744128368699613 0.28821482804694687 0.25718623354187603
1 0.45721528130773187 0.40723836932466256 0.3958358588850189 0.3264025418087568 0.3761631973339735 0.32845893449190516 0.3981502896557301 0.36598810095936307 0.44038865122121 0.4328208631616853 0.47250137816482823 0.4852588765819688 0.5428474435087688 0.5953941001100062 0.5709099166036424 0.6396065427976962 0.6030226435472605 0.6894740653640444 0.6064942897033274 0.6853612799977477 0.6001296050838716 0.6719947275572832 0.5960793512351269 0.66017046962918 0.5949221358497713 0.649374408042651 0.5966579589278047 0.6390924446269092 0.6024440358545827 0.6288104812111672 0.6073622012423442 0.6252117940156576 0.607651505088683 0.6159580269414899 0.6018654281619049 0.6067042598673222 0.5966579589278047 0.594365903768432
3 0.5376782442701772 0.7475299472635147 0.601862547831128 0.6899115304521896 0.5526808939535144 0.6121941510441472 0.42365137848636364 0.40799031434344046 0.3762055476867836 0.3307778794643661 0.39587820923782907 0.3266650940980694 0.43175188618385296 0.3729339294689078 0.46646834774452134 0.41868866666895915 0.49250569391502264 0.45364734228248155 0.5173858247001683 0.4875778215544298 0.5972336862897055 0.5940908713647676 0.5946299516726553 0.5838089079490257 0.5949192555189942 0.574555140874858 0.5978122939823832 0.5699282573377742 0.601862547831128 0.5622167847759678 0.6082272324505839 0.558103999409671 0.6082272324505839 0.5447374469692067 0.6004160285994334 0.5313708945287421 0.5949192555189942 0.5226312256253616 0.5949192555189942 0.5102928695264713 0.5954978632116722 0.5020672987938778 0.598969509367739 0.49332762989049717 0.604466282448178 0.487158451841052 0.3961675130841679 0.28604019776473505 0.3354137053529982 0.21766514105005158 0.3174768668799863 0.20841137397588394 0.312558701492225 0.2048126867803742 0.30792983995080253 0.19701365220824235 0.3012758514850077 0.18570349245092627 0.2983828130216187 0.178506118059907 0.2983828130216187 0.16976644915652633 0.28853496092298825 0.17130874366888763 0.2873777455376326 0.17747792171833274 0.2896921763083438 0.1867316887925004 0.29374243015708845 0.19907004489139069 0.2975033801594942 0.20935200830713258 0.3067611032423391 0.23043003330940343 0.31196857247643933 0.24431068392065494 0.3154402186325062 0.2576772363611194 0.31949047248125084 0.28132575221732575 0.3215155994056231 0.2910936174622806 0.34089895711032964 0.3445598272241383 0.37677263405635364 0.440255316125092 0.39818111868543243 0.4993766057656079 0.44244460717528455 0.6208383091306662 0.46211726872633 0.6722481262093755 0.5014625918284208 0.778249065048261
3 0.6069444550408256 0.7040123409695096 0.5078802407463743 0.7900639345847515 0.5460683484631095 0.8918553724005962 0.5252384715267086 0.9088206120365703 0.4696921330296392 0.9442933858208796 0.4245607330007703 0.9735969815557441 0.4315040253129041 1 0.9991865306166381 0.9967313992411633 1 0.8718055437398994 0.6546256496270048 0.5309584565080561 0.6537577380879881 0.628123010786817 0.6554935611660215 0.634292188836262 0.6667764111732386 0.628123010786817 0.6745876150243891 0.6404613668857072 0.6745876150243891 0.6527997229845974 0.6676443227122555 0.6558843120093201 0.6667764111732386 0.6527997229845974 0.6520219150099548 0.6651380790834878 0.6898837924678041 0.7121092163354414 0.7343839841046607 0.7693143218848417 0.7287031085765514 0.775203082750221 0.7153794573581744 0.7838947565353065 0.677101822529558 0.8088531448381036 0.6311920380735536 0.7329990376273842 0.6233808342224033 0.7237452705532164 0.6120979842151861 0.7222029760408551
1 0.6502105520826653 0.671465640334251 0.6483924667558848 0.748281774158964 0.6423170859827677 0.748281774158964 0.677033547543436 0.8053466711163316 0.7317119745014888 0.7683316028196606 0.6570715821460519 0.6727093430532612
1 0.6382152883698128 0.7364197483769169 0.6311920380735536 0.732999037627384 0.641606976541754 0.7530488662880808 0.6433427996197875 0.7453373937262744
3 0.3403935255827727 0.18950616969983763 0.3316829953837599 0.1843437074476931 0.3316829953837599 0.19051288549713824 0.33052577999840427 0.1935974745218608 0.3311043876910821 0.20387943793760271 0.34499097231534936 0.21621779403649294 0.3438337569299938 0.19565386720500919
2 0.3269097275204128 0.17839505937364367 0.32342337727485077 0.18217930571333504 0.32472524458337587 0.18757733650659958 0.32472524458337587 0.19143307278750277 0.3321024926650179 0.19066192553132214 0.3299327138174762 0.18526389473805766
3 0.3260271118919009 0.19297536729986406 0.3299327138174762 0.19297536729986406 0.33036666958698446 0.20222913437403173 0.32298942150534243 0.19914454534930914 0.3225554657358341 0.17601012766388993 0.3277629349699343 0.18063701120097375 0.3260271118919009 0.18217930571333504
3 0.643359382947286 0.4041666631345396 0.5892429738310934 0.37043900503385496 0.5898939074853561 0.4259616074788611 0.6185349882729074 0.4479393042800094 0.6185349882729074 0.4398422580901126 0.6224405901984826 0.4444691416271965 0.6224405901984826 0.4525661878170932 0.6484779363689838 0.47338716373397044 0.651081670986034 0.41092423598333866
3 0.5352864662806193 0.33935184831972476 0.5469322863040289 0.3449911455798938 0.5475832199582913 0.3912599809507323 0.5423757507241912 0.3877898182979194 0.5423757507241912 0.37853605122375167 0.538470148798616 0.37853605122375167 0.5378192151443534 0.3820062138765645 0.5241496084048403 0.37043900503385496 0.5234986747505778 0.3403642620428099
3 0.5209635496139526 0.34050925572713214 0.5117818689738521 0.34614786646416473 0.5065743997397519 0.3507747500012485 0.5065743997397518 0.36118523795968727 0.51894213917074 0.37043900503385496
3 0.5052725324312268 0.338050820274268 0.4974613285800764 0.3334239367371841 0.49550852761728886 0.35193147088551957 0.5052725324312268 0.35771507530687435
2 0.5209635496139526 0.3011574038752803 0.5287061439846781 0.306819356398952 0.5287061439846781 0.3137596817045778 0.5332626795645157 0.3195432861259326 0.5339136132187783 0.338050820274268 0.5221968074420527 0.338050820274268
2 0.518359382947286 0.2999999964678729 0.5059234660854893 0.30103575197759724 0.5059234660854893 0.3449911455798938 0.5065743997397518 0.3473045873484357 0.5117818689738521 0.3438344246956228 0.5208949401335277 0.34036426204280995
2 0.5026687978141767 0.30103575197759724 0.4974613285800764 0.30913279816749395 0.49681039492581397 0.31028951905176494 0.49550852761728886 0.3334239367371842 0.5052725324312268 0.33920754115853896
1 0.503385748651165 0.28958401632434255 0.49420666030876387 0.2848416595978037 0.49420666030876387 0.30450591463041 0.49811226223433896 0.30450591463041 0.5033197314684392 0.30450591463041
1 0.6477500824196628 0.3628759841553987 0.5890477019625328 0.3351146829328956 0.5895211082565417 0.35782847484221636 0.652484145359754 0.3948435431388871 0.6534309579477722 0.3687647450207781
1 0.5460227330525717 0.3124579098890928 0.5227708208012567 0.3014646208450131 0.5303453215054026 0.3081946332625896 0.5317655403874298 0.3191309034411514 0.5350793844454936 0.326702167410925 0.5473879480897306 0.33259092827630443
1 0.5147727330525717 0.29393939137057423 0.5066750068049469 0.2913696022186483 0.5066750068049469 0.30314712394940724 0.5180367578611657 0.3031471239494072 0.5189835704491839 0.300623369292816