3 0.16423597769095347 0.69938271133988 0.13816763915953442 0.7377110500333872 0.10952655837198298 0.7839798854042256 0.08782876989656531 0.8101988921143676 0.0600556006480306 0.8533831384604833 0.023603316009328818 0.9011942683436832 0.0027734390729278265 0.9258709805414636 0.0010376159948944105 0.9412939256650764 0.0010376159948944105 0.9999011171348052 0.02447122754834554 0.998358822622444 0.025339139087362263 0.9937319390853598 0.11213029298903314 0.9536322817639666 0.1164698506841167 0.965970637862857 0.12254523145723364 0.9891050555482762 0.09824370836476579 0.9999011171348052 0.2388453776854726 1 0.26054316616089035 0.9567168707886893 0.2839767777143415 0.8981096793189606 0.31782532773599315 0.8148257756514513 0.33865520467239413 0.7546762896693613 0.3429947623674777 0.7423379335704711 0.34299476236747767 0.7284572829592194 0.3508059662186281 0.7284572829592194 0.3482022316015779 0.6945268036872712 0.33518355851632725 0.6837307421007424 0.3482022316015779 0.6559694408782392 0.3508059662186281 0.6235812561186522 0.2789645986326199 0.20040515418484225 0.26789872651015684 0.2108156421432809 0.2639931245845817 0.25245759397703554 0.2581347216962188 0.328801172338919 0.250974451499331 0.4178686804277831 0.24706884957375586 0.46529423668289244 0.24121044668539307 0.5185033973593567 0.2379557784140804 0.5451079776975889 0.2281917736001424 0.5786528833414468 0.21191843224357912 0.6179813934066594 0.1910885553071781 0.6584666243561431
3 0.492922564934273 0.3131085890383762 0.48511136108312264 0.3089023312773909 0.48511136108312264 0.34465552224576607 0.4941060806692958 0.3526474119916381 0.4933959712282821 0.3261479880974306
3 0.5653882604656797 0.35572390443949586 0.5502047265093758 0.34675865112625864 0.5504414296563803 0.39176560916880154 0.5625132901536126 0.40144000201906777 0.5625132901536126 0.39765437003418097 0.5636968058886355 0.39765437003418097 0.5641702121826445 0.40270187934736335 0.5663005405056857 0.40438438245175756
3 0.3750443977260035 0.22746918102471517 0.3632092403757757 0.21653291084615334 0.36297253722877115 0.22073916860713866 0.36462945925780305 0.2430323347403608 0.37693802290204004 0.2539686049189227 0.37575450716701725 0.23335794189009462
3 0.36060606349598273 0.21253988938364102 0.35277794531275436 0.20492363942583383 0.35325135160676346 0.2133361549478045 0.35419816419478173 0.22847868288735163 0.3627194774869457 0.2373118241854208 0.3627194774869457 0.2297405602156472 0.3620093680459321 0.21964554158928243
3 0.35136932107182495 0.20555225896009072 0.3444933351675949 0.19962375464699234 0.34496674146160405 0.208036270168963 0.3456768509026177 0.21855191457142628 0.3454401477556131 0.2219169207802145 0.35277794531275436 0.22822630742169253 0.3525412421657499 0.2231787981085101 0.3523045390187453 0.21098065060165272
3 0.31467424531424915 0.1726996907283969 0.31206500402797055 0.17225904344195367 0.311828300880966 0.176465301202939 0.311828300880966 0.19371095802297877 0.31679906696806176 0.19665533845566852 0.3156155512330389 0.18950470026199348 0.3153788480860344 0.18151281051612136
2 0.30697216750561346 0.17210705832686332 0.30483766793943146 0.1720867871717418 0.305074371086436 0.17545179338053002 0.3074414025564815 0.17713429648492418 0.30909832458551345 0.17418991605223444
3 0.30662083164686577 0.17755492226102276 0.30496390961783393 0.17713429648492426 0.30496390961783393 0.18260243157420517 0.30496390961783393 0.187229315111289 0.3066208316468658 0.18891181821568312 0.30733094108787945 0.18512618623079632
3 0.30296344433500616 0.17294880916861421 0.30011938520914067 0.1733486645000374 0.3001193852091406 0.17671367070882565 0.30224971353218166 0.18091992846981098 0.3039066355612136 0.18428493467859924 0.3041433387082181 0.17923742536541684
1 0.49246780592030975 0.28780273056474726 0.48391148875327894 0.283507050045442 0.48391148875327894 0.2982289522088906 0.49337961463346125 0.30285583574597447 0.49337961463346125 0.2944433202240038
1 0.5502329574354612 0.31710652500476666 0.5655875202325735 0.32457064143706116 0.5653508170855689 0.34602255601808624 0.5497284093832682 0.33592753739172154
1 0.5851256591104849 0.3350466830811497 0.5689901279707641 0.3269366614276154 0.5685167216767548 0.34628544712814785 0.5879263797311286 0.3584835946350053 0.5879263797311286 0.3361904285017831
3 0.7943437528909383 0.5001212108378559 0.801683405451078 0.5042802998186672 0.8352952523257251 0.5253115886235937 0.8655932551423084 0.5400334907870422 0.9013354303399965 0.5551760187265894 0.9318701363035843 0.5690566693378409 0.9792107657044958 0.589667332366669 0.9998039394938921 0.6001829767691323 0.9995672363468876 0.6628562174078135 1 0.7592444853848275 0.9276094796575023 0.6982537478505405 0.8864231320787094 0.6641830599865594 0.8485506285579802 0.6360011329879578 0.8506809568810213 0.6338980041074651 0.8502075505870121 0.6166523472874252 0.8452367844999166 0.6158110957352282 0.8438165656178891 0.6174935988396224 0.8244069075635154 0.6023510709000752 0.8047605463621372 0.5951170641557043 0.8012099991570688 0.5921726837230145 0.8002631865690507 0.5875458001859306 0.7860609977487772 0.5757682784551719 0.7777763876036178 0.5753476526790733 0.7671247459884127 0.5694588918136938 0.7685449648704401 0.5589432474112306 0.764284308224358 0.5555782412024423 0.7633374956363397 0.56483200827661 0.7048589267613181 0.518142547129673 0.704858926761318 0.5135156635925892 0.7020184889972634 0.5105712831598994 0.7017817858502587 0.5164600440252788 0.6572687026463893 0.4790243499525097 0.6570319994993847 0.4710324602066375 0.6567952963523801 0.4558899322670903 0.656321890058371 0.41929548974651815 0.6582155152344077 0.41635110931382835 0.6923007684030638 0.437382398118755
3 0.584587124099419 0.3675168337294148 0.5680072910989488 0.3573750816015782 0.5680072910989488 0.4061676716290079 0.5803158547431857 0.41710394180756966 0.5869435428593133 0.42173082534465356 0.5876536523003271 0.36999385488453423
1 0.38882051461293116 0.2279938874937636 0.3759050643608746 0.21713713469118345 0.3761943682072136 0.22741909810692537 0.3917962113181314 0.24055257138013403 0.3917962113181314 0.2299768375810852
1 0.37244907760371765 0.21532070755594424 0.36201847973660717 0.20647326977714248 0.36230778358294613 0.2162411350220973 0.3750371528218579 0.22755129477941335 0.37532645666819675 0.21726933136367146
1 0.3605856516777918 0.20194805268760024 0.35189284511474556 0.19567720819061352 0.35305006050010124 0.203902778923207 0.3614398720439294 0.2116142514850134
1 0.34930092945556956 0.19505395013535556 0.3437923374172564 0.1908446853852148 0.34437094510993416 0.19958435428859542 0.35160354126840676 0.2047253359964664 0.35160354126840676 0.19649976526387286
1 0.3403206912611896 0.18765727672633484 0.32932714510031125 0.17840350965216717 0.32961644894665015 0.18560088404318645 0.3339560066417337 0.18868547306790903 0.3432137297245786 0.19742514197128963 0.3432137297245786 0.1897136694094832
1 0.32759954056668067 0.17088065685957304 0.3226731566345164 0.17079485672451816 0.3287485374076334 0.17850632928632462
3 0.4136196508029789 0.22929864292400715 0.39365602175888154 0.2216043816568383 0.39276734569034216 0.22815352406519254 0.4159116533974544 0.24409056735959253 0.4153330457047766 0.23637909479778607
3 0.3872060220481621 0.21285303633616617 0.3761943682072134 0.20554789306972573 0.3761943682072134 0.21685805282704176 0.3912381682168364 0.22611181990120946 0.3912381682168364 0.21480166014389346
3 0.37250689036747253 0.20307937378472582 0.36149773281319725 0.19629412599555804 0.3617870366595361 0.20451969672815154 0.37538431743746453 0.2137734638023192 0.37538431743746453 0.2055478930697257
3 0.35884954056668067 0.1938201145254666 0.35189284511474567 0.19012494794611293 0.3521821489610846 0.1962941259955581 0.3611505681975906 0.201435107703429
3 0.34959028130742137 0.1869278427015858 0.3426351220319008 0.18169373794520458 0.3432137297245786 0.18889111233622385 0.35160354126840676 0.1945461922148819 0.35160354126840676 0.19043340684858517
3 0.33800626049047827 0.17881478818879687 0.3354025258734282 0.17881478818879684 0.33250948741003916 0.17470200282250012 0.3301950566393279 0.17830069001800977 0.3362704374124449 0.18549806440902905 0.3435030335709175 0.1906390461169 0.3426351220319007 0.18446986806745486 0.3403206912611895 0.1839557698966678
1 0.4097754664926066 0.8910493811462151 0.4236401990067936 0.9700700135768497 0.4357909605530275 0.9628726391858305 0.4994378067475862 0.9238011782060114 0.544569206776455 0.8934693861295728 0.5075383144450755 0.7911638501429411 0.48150096827457417 0.8163546605115087 0.4383946951700776 0.8559402196621151 0.42740114900919934 0.866736281248644 0.41496108361662654 0.8806169318598955
1 0.2801319479743985 0.20784796194324445 0.2812715357348133 0.20420985306456427 0.2789571049641021 0.19341379147803528 0.27751058573240756 0.18724461342859014 0.27779988957874646 0.18004723903757083 0.28011432034945766 0.175420355500487 0.2861897011225746 0.17387806098812567 0.28503248573721895 0.18107543537914503 0.2887934357396248 0.1954701841611836 0.3044158434419255 0.2437954122151705 0.3232205934539542 0.2982898183186024 0.3492579396244555 0.3676930713748601 0.36690547425112857 0.41756059394120826 0.39236421272895206 0.4864670625060511 0.4319988396773817 0.594541707707457 0.46121852815761083 0.6721705314963081 0.5011424589523795 0.77970957921327 0.4797339743233007 0.7982171133616053 0.44848915891869917 0.8264925127548954 0.42881649736765376 0.8435473016097279 0.4166657358214198 0.8558856577086182 0.4053828858142026 0.8702804064906569 0.37963484349004023 0.7191355442792512 0.36806268963648414 0.7247906241579093 0.3599621819389948 0.6821204759825804 0.36459104348041727 0.674923101591561 0.35764775116828357 0.6682398253713289 0.3556226242439113 0.6470935392374391 0.3495472434707943 0.6208745325272972 0.31714521268083723 0.42744128368699613 0.28821482804694687 0.25718623354187603
1 0.45721528130773187 0.40723836932466256 0.3958358588850189 0.3264025418087568 0.3761631973339735 0.32845893449190516 0.3981502896557301 0.36598810095936307 0.44038865122121 0.4328208631616853 0.47250137816482823 0.4852588765819688 0.5428474435087688 0.5953941001100062 0.5709099166036424 0.6396065427976962 0.6030226435472605 0.6894740653640444 0.6064942897033274 0.6853612799977477 0.6001296050838716 0.6719947275572832 0.5960793512351269 0.66017046962918 0.5949221358497713 0.649374408042651 0.5966579589278047 0.6390924446269092 0.6024440358545827 0.6288104812111672 0.6073622012423442 0.6252117940156576 0.607651505088683 0.6159580269414899 0.6018654281619049 0.6067042598673222 0.5966579589278047 0.594365903768432
3 0.5376782442701772 0.7475299472635147 0.601862547831128 0.6899115304521896 0.5526808939535144 0.6121941510441472 0.42365137848636364 0.40799031434344046 0.3762055476867836 0.3307778794643661 0.39587820923782907 0.3266650940980694 0.43175188618385296 0.3729339294689078 0.46646834774452134 0.41868866666895915 0.49250569391502264 0.45364734228248155 0.5173858247001683 0.4875778215544298 0.5972336862897055 0.5940908713647676 0.5946299516726553 0.5838089079490257 0.5949192555189942 0.574555140874858 0.5978122939823832 0.5699282573377742 0.601862547831128 0.5622167847759678 0.6082272324505839 0.558103999409671 0.6082272324505839 0.5447374469692067 0.6004160285994334 0.5313708945287421 0.5949192555189942 0.5226312256253616 0.5949192555189942 0.5102928695264713 0.5954978632116722 0.5020672987938778 0.598969509367739 0.49332762989049717 0.6045086792565492 0.4895586096753413 0.3961675130841679 0.28604019776473505 0.3354137053529982 0.21766514105005158 0.3174768668799863 0.20841137397588394 0.312558701492225 0.2048126867803742 0.30792983995080253 0.19701365220824235 0.3012758514850077 0.18570349245092627 0.2983828130216187 0.178506118059907 0.2921785618702494 0.17900501099878366 0.28853496092298825 0.17130874366888763 0.2873777455376326 0.17747792171833274 0.2896921763083438 0.1867316887925004 0.29374243015708845 0.19907004489139069 0.2975033801594942 0.20935200830713258 0.3067611032423391 0.23043003330940343 0.31196857247643933 0.24431068392065494 0.3154402186325062 0.2576772363611194 0.31949047248125084 0.28132575221732575 0.3215155994056231 0.2910936174622806 0.34089895711032964 0.3445598272241383 0.37677263405635364 0.440255316125092 0.39818111868543243 0.4993766057656079 0.44244460717528455 0.6208383091306662 0.46211726872633 0.6722481262093755 0.5014625918284208 0.778249065048261
3 0.6069444550408256 0.7040123409695096 0.5078802407463743 0.7900639345847515 0.5460683484631095 0.8918553724005962 0.5252384715267086 0.9088206120365703 0.4696921330296392 0.9442933858208796 0.4245607330007703 0.9735969815557441 0.4315040253129041 1 0.9991865306166381 0.9967313992411633 1 0.8718055437398994 0.6546256496270048 0.5309584565080561 0.6537577380879881 0.628123010786817 0.6554935611660215 0.634292188836262 0.6667764111732386 0.628123010786817 0.6745876150243891 0.6404613668857072 0.6745876150243891 0.6527997229845974 0.6676443227122555 0.6558843120093201 0.6667764111732386 0.6527997229845974 0.6520219150099548 0.6651380790834878 0.6898837924678041 0.7121092163354414 0.7343839841046607 0.7693143218848417 0.7287031085765514 0.775203082750221 0.7153794573581744 0.7838947565353065 0.677101822529558 0.8088531448381036 0.6311920380735536 0.7329990376273842 0.6233808342224033 0.7237452705532164 0.6120979842151861 0.7222029760408551
1 0.6502105520826653 0.671465640334251 0.6483924667558848 0.748281774158964 0.6423170859827677 0.748281774158964 0.677033547543436 0.8053466711163316 0.7317119745014888 0.7683316028196606 0.6570715821460519 0.6727093430532612
1 0.6382152883698128 0.7364197483769169 0.6311920380735536 0.732999037627384 0.641606976541754 0.7530488662880808 0.6433427996197875 0.7453373937262744
3 0.643359382947286 0.4041666631345396 0.5892429738310934 0.37043900503385496 0.5898939074853561 0.4259616074788611 0.6185349882729074 0.4479393042800094 0.6185349882729074 0.4398422580901126 0.6224405901984826 0.4444691416271965 0.6224405901984826 0.4525661878170932 0.6484779363689838 0.47338716373397044 0.651081670986034 0.41092423598333866
1 0.5040366823054275 0.2936325394192909 0.4948575939630263 0.2888901826927521 0.4948575939630263 0.30855443772535834 0.49876319588860146 0.30855443772535834 0.5039706651227017 0.30855443772535834
1 0.6477500824196628 0.36634614680821154 0.5890477019625328 0.3385848455857085 0.5895211082565417 0.3612986374950292 0.652484145359754 0.3983137057917 0.6534309579477722 0.372234907673591
3 0.5455992375519921 0.34551596604246654 0.5228165596528035 0.33221367587335043 0.5231420264799348 0.37443398814924056 0.5407172351450231 0.3877362783183566 0.5407172351450231 0.38426611566554375 0.5433209697620732 0.38426611566554375 0.5433209697620732 0.39004972008689853 0.5478775053419109 0.39351988273971145 0.5482029721690423 0.34667268692673747
3 0.517968753973643 0.3282407389746772 0.5068686851233716 0.3212248274727763 0.5078450856047654 0.36344513974866643 0.5198873582086222 0.37154218593856314 0.5189109577272284 0.3322136758733504
3 0.504296878973643 0.3195601834191216 0.49515187934664595 0.31486286260928603 0.4958028130009085 0.3536130122323632 0.5045904173334527 0.35881825621158253 0.5055668178148465 0.35187793090595676
1 0.5189109037210263 0.3015557667782149 0.5071940979443007 0.2969288832411309 0.507519564771432 0.31138789429451796 0.5192363705481575 0.3189065800422793
1 0.5479166706403097 0.3160879611968994 0.5208637046838139 0.30386783550048385 0.5211891715109452 0.3212186487645483 0.5478774513357091 0.3368343807022063
1 0.47578125529819065 0.2803547867087808 0.45577988697489896 0.26866711594112613 0.45577988697489896 0.28100547204001647 0.48311910045392525 0.2979707116759906 0.48311910045392525 0.2856323555771003
3 0.4792534775204128 0.29876542974401404 0.457081754283424 0.28629333893954095 0.45925153313096573 0.3209949654676698 0.4687985600601496 0.3294775852856568 0.4687985600601496 0.3263929962609342 0.47053438313818297 0.3263929962609342 0.47053438313818297 0.3294775852856568 0.4770437196808082 0.3348756160789213 0.4770437196808082 0.33101987979801806 0.47921349852835 0.33101987979801806 0.47921349852835 0.3379602051036439 0.483987011992942 0.34027364687218575 0.4835530562234336 0.3024874313193344
2 0.31946962165817944 0.17530863962055726 0.3233613835934925 0.17756157581807056 0.3233613835934925 0.18295960661133503 0.3207576489764424 0.18373075386751567 0.3181539143593922 0.1821884593551544
3 0.449553580511184 0.2873015832648707 0.42791371283846974 0.2726217031488396 0.42345016778066946 0.26072400262490963 0.4174987743702693 0.2607240026249097 0.4204744710754694 0.29245120402205604 0.4383286513066703 0.30699283799574806 0.45618283153787126 0.320212505244559 0.45543890736157105 0.28980727057229383
1 0.4420482721881705 0.2594020359000285 0.42121839525176946 0.24882630210097975 0.4189866227228693 0.24750433537609862 0.41898662272286935 0.2580800691751474 0.4546949831852711 0.28055350349812613 0.453951059008971 0.26733383624931517
3 0.4021875063578288 0.24833333050763165 0.41725328973550724 0.2574919729376895 0.4188155305057373 0.28988015769727643 0.4151703020418671 0.2852532741601926 0.4151703020418671 0.2806263906231088 0.412566567424817 0.2806263906231088 0.412566567424817 0.2824771440379423 0.39434042510546613 0.27044724684152427 0.39590266587569617 0.2574919729376895 0.40163088203320646 0.2602681030599398 0.4021516289566165 0.25564121952285596
3 0.3870833396911621 0.23444444161874275 0.3766350297095252 0.22695454159293613 0.37871801740316535 0.2537904661080224 0.39381967818205604 0.2685416983143852 0.39329893125864607 0.2602133079476342 0.3880914620245458 0.2574371778253839 0.38392548663726556 0.25558642441055035 0.38340473971385564 0.24448190392154912 0.38704996817772575 0.24448190392154912
2 0.39333333969116213 0.23815925643123964 0.3990271474161563 0.23800426696963176 0.40111013510979643 0.24725803404379945 0.40111013510979643 0.25928793124021743 0.3985064004927464 0.2565118011179671 0.39434042510546613 0.2565118011179671
2 0.38760417302449546 0.23908518235716555 0.392257437411826 0.2389296436770485 0.39277818433523604 0.2565118011179671 0.39017444971818593 0.2565118011179671 0.38913295587136587 0.2565118011179671 0.3854877274074957 0.2565118011179671 0.3849669804840856 0.2481834107512162 0.3849669804840856 0.24725803404379945
3 0.32197917302449547 0.18538147865346186 0.32299809659829265 0.20006382196554418 0.31726988044078236 0.1963623151358771 0.3162283865939623 0.18063091110979204
3 0.3431250042385525 0.19950617095570503 0.33061836795573923 0.18709707551395283 0.33061836795573923 0.20622152746723268 0.3379088248834796 0.21300762332162237 0.34554644642682664 0.2204106369809565 0.3448521171956133 0.20560460966228816
3 0.32958333757188585 0.18469135614089022 0.32436940487481897 0.17969406185461864 0.3240222402592122 0.18709707551395283 0.3240222402592122 0.20252002063756563 0.3302712033401326 0.20683844527217723 0.3299240387245259 0.1951170069782315
1 0.4170833375718858 0.24518518330138403 0.3931079987649423 0.2278136506402907 0.39310799876494235 0.23768433551940288 0.3979683033834359 0.23768433551940288 0.4007456203082894 0.2432365957639035 0.40143994953950274 0.24632118478862608 0.41775668647301684 0.25680878747268276
1 0.6809722264607747 0.3846913561408902 0.6583417650884484 0.3746400882170847 0.6562587773948084 0.40178447163464337 0.779521226118309 0.4702623479834842 0.7784797322714887 0.44867022481042623 0.7836872015055892 0.44867022481042623 0.7822985430431622 0.4708792657884287 0.8246835286134462 0.4950782800293244 0.8250306932290528 0.47348615685626644 0.8288495040007262 0.4704015678315439 0.8278080101539061 0.4987797868589916 0.9979500794301922 0.5944020466253911 1 0.5413471154001629 0.7146637530951384 0.403157527092592
3 0.30937500489063746 0.17464387247025795 0.3077659799837654 0.17962405077705543 0.3081665545402347 0.190301474324172 0.3121723001049272 0.1924369590335953