3 0.16336806615193683 0.69938271133988 0.1372997276205178 0.7377110500333872 0.10865864683296636 0.7839798854042256 0.08696085835754867 0.8101988921143676 0.059187689109013966 0.8533831384604833 0.022735404470312186 0.9011942683436832 0.0019055275339111926 0.9258709805414636 0.00016970445587777643 0.9412939256650764 0.00016970445587777643 0.9999011171348052 0.02360331600932891 0.998358822622444 0.02447122754834563 0.9937319390853598 0.1112623814500165 0.9536322817639666 0.11560193914510006 0.965970637862857 0.12167731991821701 0.9891050555482762 0.09737579682574915 0.9999011171348052 0.23797746614645596 1 0.2596752546218737 0.9567168707886893 0.2831088661753248 0.8981096793189606 0.31695741619697654 0.8148257756514513 0.3377872931333775 0.7546762896693613 0.3421268508284611 0.7423379335704711 0.34212685082846106 0.7284572829592194 0.3499380546796115 0.7284572829592194 0.3473343200625613 0.6945268036872712 0.33431564697731064 0.6837307421007424 0.3473343200625613 0.6559694408782392 0.3499380546796115 0.6235812561186522 0.27809668709360325 0.20040515418484225 0.26703081497114023 0.2108156421432809 0.263125213045565 0.25245759397703554 0.2572668101572022 0.328801172338919 0.2501065399603144 0.4178686804277831 0.24620093803473922 0.46529423668289244 0.24034253514637643 0.5185033973593567 0.23708786687506375 0.5451079776975889 0.22732386206112576 0.5786528833414468 0.21105052070456248 0.6179813934066594 0.19022064376816147 0.6584666243561431
3 0.41674107596987775 0.2507936487752925 0.3936560217588815 0.23477736533237092 0.3947719080233315 0.24733604921874136 0.3958877942877816 0.2671655500919579 0.41894944375308274 0.28699505096517447 0.4174615954004826 0.26386063327975523
3 0.45208333787463967 0.2825396805213242 0.4319681168383333 0.2691485001792796 0.4256447613397831 0.2638606332797552 0.42304102672273286 0.25592883293046853 0.4182055195767827 0.2526239161182658 0.42080925419383275 0.28831701769005547 0.4360596998079835 0.30087570157642596 0.45651761465623447 0.31673930227499913 0.45540172839178444 0.2942658679520204 0.45540172839178444 0.28435111751541214
3 0.47874053319295246 0.30016834888394034 0.4576537960305939 0.2870297909202672 0.4590740149126213 0.32025922723205125 0.46901554708681265 0.3282511169779233 0.46901554708681265 0.32488611076913504 0.47019906282183543 0.32488611076913504 0.47043576596883996 0.3299336200823174 0.4773001572319721 0.3337192520672042 0.47777356352598127 0.3295129943062189 0.4782469698199904 0.3299336200823174 0.4787203761139995 0.3362430067237955 0.48369114220109516 0.33876676138038664 0.48321773590708605 0.3021723188598144
3 0.49292256493427294 0.30848170550129234 0.4851113610831226 0.304275447740307 0.4851113610831226 0.3400286387086822 0.49410608066929573 0.3480205284545543 0.49339597122828205 0.32152110456034677
3 0.5047821998596191 0.3153198640354554 0.4962364089923367 0.3110054601578835 0.4962364089923367 0.3492824057828499 0.505704534872519 0.35390928931993376
3 0.5196700205457877 0.32740986542572625 0.5068880506075417 0.3185767241276571 0.5075981600485554 0.35895679863311614 0.5196700205457879 0.3669486883789882
3 0.5410037907687101 0.3405723892879807 0.5220370520158334 0.3282511169779233 0.5229838646038517 0.37031369458777647 0.5412100069232025 0.38419434519902795 0.5412100069232025 0.3816705905424368 0.5426302258052298 0.3816705905424368 0.5426302258052298 0.3858768483034221 0.5483111013333393 0.3896624802883089 0.5483111013333393 0.34381427069356896
3 0.5653882604656797 0.35572390443949586 0.5502047265093758 0.34675865112625864 0.5504414296563803 0.39176560916880154 0.5625132901536126 0.40144000201906777 0.5625132901536126 0.39765437003418097 0.5636968058886355 0.39765437003418097 0.5641702121826445 0.40270187934736335 0.5663005405056857 0.40438438245175756
3 0.3750443977260035 0.22099154407279778 0.3632092403757757 0.21005527389423595 0.36297253722877115 0.21426153165522127 0.36462945925780305 0.23655469778844343 0.37693802290204004 0.24749096796700526 0.37575450716701725 0.22688030493817724
3 0.38570076046567975 0.22735690107249248 0.37670131975503546 0.22141216984889633 0.37788483549005825 0.24959409684749792 0.37883164807807646 0.25085597417579353 0.37883164807807646 0.24875284529530084 0.3804885701071084 0.24917347107139942 0.3807252732541129 0.2529591030562862 0.3826188984301494 0.2538003546084832 0.3838024141651722 0.25127659995189205 0.3838024141651722 0.2554828577128774 0.3861694456352177 0.2571653608172715 0.3861694456352177 0.2559034834889759 0.3868795550762314 0.2559034834889759 0.3868795550762314 0.2596891154738627 0.39398064948636813 0.26473662478704507 0.39090350857530887 0.23192781425135958
3 0.36060606349598273 0.20883838255397397 0.35277794531275436 0.20122213259616678 0.35325135160676346 0.20963464811813745 0.35419816419478173 0.22477717605768457 0.3627194774869457 0.23361031735575372 0.3627194774869457 0.22603905338598018 0.3620093680459321 0.21594403475961538
3 0.35136932107182495 0.19999999871559013 0.3444933351675949 0.19407149440249175 0.34496674146160405 0.20248400992446242 0.3456768509026177 0.2129996543269257 0.3454401477556131 0.21636466053571393 0.35277794531275436 0.22267404717719194 0.3525412421657499 0.21762653786400954 0.3523045390187453 0.20542839035715213
3 0.34355682107182495 0.19200336571895715 0.33455180299340354 0.18481772732832405 0.33478850614040806 0.18734148198491526 0.3350252092874126 0.19154773974590059 0.33052784949432606 0.19154773974590059 0.33123795893533975 0.2016427583722653 0.33762894390446274 0.2075315192376448 0.3447300383145995 0.21426153165522127 0.3444933351675949 0.2041665130288565 0.34378322572658127 0.19659524905908293
3 0.32840530592030975 0.1789562276718191 0.3229533487901802 0.1730402055975652 0.3229533487901802 0.17934959223904315 0.32342675508418933 0.1907064881937035 0.32342675508418933 0.19701587483518146 0.3257937865542349 0.19911900371567415 0.3295810369063078 0.20248400992446242 0.3302911463473215 0.19953962949177267 0.3295810369063078 0.1907064881937035 0.3279241148772759 0.19028586241760498 0.3291076306122987 0.1877621077610138 0.3291076306122987 0.18439710155222552
3 0.31916609843810734 0.17135770249317106 0.3163256606740526 0.16715144473218574 0.3165623638210571 0.17472270870195933 0.3170357701150663 0.18565897888052113 0.3179825827030845 0.19238899129809767 0.32247994249617107 0.1961746232829844 0.32200653620216196 0.18439710155222555 0.3217698330551574 0.17219895404536814
3 0.31467424531424915 0.16675084046643188 0.31206500402797055 0.16631019317998869 0.311828300880966 0.17051645094097398 0.311828300880966 0.1877621077610138 0.31679906696806176 0.1907064881937035 0.3156155512330389 0.18355585000002847 0.3153788480860344 0.17556396025415638
2 0.30662500289000677 0.16717171588730728 0.30449050332382477 0.16715144473218577 0.30472720647082935 0.17051645094097398 0.30709423794087487 0.17219895404536814 0.30875115996990676 0.1692545736126784
3 0.31064478514594324 0.16715144473218574 0.31111819143995234 0.1869208562088167 0.30780434738188855 0.1852383531044226 0.30756764423488403 0.18271459844783142 0.30756764423488403 0.1789289664629446 0.30709423794087487 0.17261957982146664 0.3085144568229022 0.16883394783657985 0.307567644234884 0.16757207050828427
3 0.30662083164686577 0.17261957982146664 0.30496390961783393 0.17219895404536814 0.30496390961783393 0.17766708913464904 0.30496390961783393 0.1822939726717329 0.3066208316468658 0.18397647577612702 0.30733094108787945 0.1801908437912402
3 0.30331060895061285 0.16801346672905815 0.30046654982474735 0.16841332206048135 0.3004665498247473 0.1717783282692696 0.30259687814778835 0.1759845860302549 0.30425380017682024 0.17934959223904318 0.30449050332382477 0.1743020829258608
2 0.3336136392536431 0.18274410645969788 0.3293443337593033 0.18271459844783142 0.328397521171285 0.18439710155222555 0.33005444320031696 0.18860335931321084 0.3281608180242805 0.1907064881937035 0.3300544432003169 0.19238899129809764 0.33526191243441716 0.19196836552199908 0.3343150998463989 0.18944461086540793 0.3350252092874126 0.1865002304327182
1 0.4508011392536431 0.2597643084798999 0.4195282327680394 0.2411815813255273 0.417634607592003 0.2403403297733302 0.4185814201800212 0.2516972257279906 0.4545602985247139 0.2756728949656069 0.45456029852471386 0.26263349590655244
1 0.48015719985970373 0.2770202007357922 0.4559805174067412 0.2630541216826509 0.45645392370075033 0.27693477229390245 0.48201786357724247 0.29207730023344963 0.4820178635772425 0.28324415893538046 0.4820178635772425 0.27903790117439514
1 0.49246780592030975 0.2837542074697989 0.48391148875327894 0.27945852695049367 0.48391148875327894 0.29418042911394227 0.49337961463346125 0.2988073126510261 0.49337961463346125 0.29039479712905547
1 0.5037945531016618 0.2899741713529569 0.49503653666249314 0.28492666203977457 0.4947998335154885 0.30175169308371586 0.50474136568968 0.3063785766207997
1 0.5189829574354613 0.2984848472004386 0.5061615845717072 0.29081542290515405 0.5063982877187119 0.3072198281729967 0.5189435545099534 0.31437046636667176
1 0.5383958362233401 0.3073232310388225 0.5213105859799989 0.2992279384271246 0.5217839922740081 0.316894221023263 0.5478213384445093 0.33203674896281005 0.5478213384445093 0.3110054601578835
1 0.5502329574354613 0.31363636235195375 0.5655875202325736 0.32110047878424824 0.565350817085569 0.3425523933652734 0.5497284093832683 0.33245737473890863
1 0.5848001922833536 0.3321548808704723 0.5686646611436328 0.324044859216938 0.5681912548496235 0.34339364491747043 0.5876009129039974 0.35559179242432787 0.5876009129039974 0.3332986262911057
1 0.6070539801621415 0.3439393926549841 0.5902046475210475 0.3354017551715983 0.5902046475210475 0.35601241820042634 0.6032233206062981 0.3652661852745941 0.6058270552233481 0.3656868110506926 0.609140899281412 0.36358368217019993 0.6148217748095216 0.3627424306180028 0.6174255094265715 0.36063930173751024 0.6349491664055512 0.3581155470809191
1 0.6707386392535585 0.37592592464151603 0.7130977275657638 0.3973088105202895 0.7817416401970853 0.4322207499364676 0.8333540153725293 0.45661704495018246 0.8674486950782736 0.47271008563617495 0.9993341380748911 0.5379070809314473 0.9995708412218957 0.5904853029437638 0.8267775439085692 0.4916382455606088 0.8289078722316101 0.4840669815908352 0.8298546848196283 0.4659800732185984 0.8267775439085692 0.4659800732185984 0.8248839187325326 0.47018633097958373 0.8244105124385236 0.4916382455606088 0.7834608680067352 0.46892445365128815 0.7834608680067352 0.45925006080102193 0.7841709774477489 0.4415837782048836 0.780857133389685 0.4424250297570807 0.7789635082136486 0.44536941018977033 0.7794369145076577 0.4676625763229925 0.6612794201514279 0.3977862720874895 0.6612794201514279 0.39189751122211014 0.6612794201514279 0.38811187923722335 0.6584389823873732 0.38264374414794244 0.657492169799355 0.3696043450888879
2 0.6392774650121505 0.35954882026546525 0.6532315131532729 0.3687630935366909 0.6511011848302319 0.41797630934021907 0.641396355803045 0.4213413155490073 0.6385559180389904 0.4226031928773029 0.6326383393638765 0.4247063217577955 0.63074471418784 0.42302381865340144 0.6286143858647989 0.42723007641438676 0.6262473543947534 0.42849195374268234 0.6229335103366896 0.4259681990860911 0.622223400895676 0.41797630934021907 0.5994998987832384 0.4049369102811646 0.5978429767542066 0.4078812907138543 0.5942924295491383 0.40746066493775585 0.5928722106671109 0.40325440717677047 0.5919253980790927 0.39904814941578515 0.5902684760500608 0.39610376898309546 0.5902684760500608 0.390215008117716 0.5931089138141155 0.38138186681964686 0.59334561696112 0.37843748638695707 0.5983163830482158 0.37338997707377475 0.6011568208122705 0.3717074739693806 0.5947658358431475 0.3675012162083953 0.5968961641661885 0.3645568357757056 0.601393523959275 0.3666599646561982 0.6039972585763251 0.3666599646561982 0.6080212120754026 0.3645568357757056 0.6127552750154937 0.3637155842235085 0.6148856033385347 0.36245370689521295 0.6177260411025894 0.3611918295669173 0.6262473543947534 0.3595093264625232
2 0.6582168589515444 0.38522222093886593 0.6610427170044234 0.38895313078942034 0.6610427170044234 0.39736564631139104 0.6615161232984323 0.40451628450506605 0.6629363421804598 0.4078812907138543 0.662226232739446 0.40914316804214984 0.662226232739446 0.4133494258031352 0.6572554666523504 0.4167144320119235
3 0.7943437528909383 0.5001212108378559 0.801683405451078 0.5042802998186672 0.8352952523257251 0.5253115886235937 0.8655932551423084 0.5400334907870422 0.9013354303399965 0.5551760187265894 0.9318701363035843 0.5690566693378409 0.9792107657044958 0.589667332366669 0.9998039394938921 0.6001829767691323 0.9995672363468876 0.6628562174078135 1 0.7592444853848275 0.9276094796575023 0.6982537478505405 0.8864231320787094 0.6641830599865594 0.8485506285579802 0.6360011329879578 0.8506809568810213 0.6338980041074651 0.8502075505870121 0.6166523472874252 0.8452367844999166 0.6158110957352282 0.8438165656178891 0.6174935988396224 0.8244069075635154 0.6023510709000752 0.8047605463621372 0.5951170641557043 0.8012099991570688 0.5921726837230145 0.8002631865690507 0.5875458001859306 0.7860609977487772 0.5757682784551719 0.7777763876036178 0.5753476526790733 0.7671247459884127 0.5694588918136938 0.7685449648704401 0.5589432474112306 0.764284308224358 0.5555782412024423 0.7633374956363397 0.56483200827661 0.7048589267613181 0.518142547129673 0.704858926761318 0.5135156635925892 0.7020184889972634 0.5105712831598994 0.7017817858502587 0.5164600440252788 0.6572687026463893 0.4790243499525097 0.6570319994993847 0.4710324602066375 0.6567952963523801 0.4558899322670903 0.656321890058371 0.41929548974651815 0.6582155152344077 0.41635110931382835 0.6923007684030638 0.437382398118755
3 0.6506496241012818 0.41972390443889385 0.6324148722109109 0.4256048763879961 0.6312313564758881 0.42392237328360194 0.6300478407408653 0.4272873794923902 0.6267339966828015 0.4298111341489814 0.6231834494777331 0.42728737949239026 0.6219999337427103 0.41929548974651815 0.6001989190915685 0.40490579430071233 0.5983052939155321 0.40700892318120496 0.5938079341224455 0.40700892318120496 0.5909674963583907 0.3981757818831358 0.5895472774763635 0.39691390455484016 0.5890738711823543 0.4242545800012447 0.6184250614109195 0.4490715007910581 0.6184250614109195 0.44107961104518606 0.6210287960279696 0.4448652430300728 0.6210287960279696 0.45117462967155075 0.649669876815521 0.4734677958047729
3 0.5950037907660857 0.37509259130517236 0.5900206837703725 0.3725176095411254 0.5893105743293588 0.39733453033093874 0.5904940900643817 0.39733453033093874 0.5904940900643817 0.38681888592847546 0.5923877152404181 0.3796682477348004 0.5926244183874227 0.37756511885430777
3 0.584587124099419 0.3675168337294148 0.5680072910989488 0.3573750816015782 0.5680072910989488 0.4061676716290079 0.5803158547431857 0.41710394180756966 0.5869435428593133 0.42173082534465356 0.5876536523003271 0.36999385488453423
1 0.41067708863152397 0.23549382480574244 0.39239538360219206 0.22117647746165336 0.3932632951412087 0.23454302990211784 0.4028103220703926 0.24225450246392427 0.416407602848321 0.2509941713673049 0.4158289951556432 0.2386558152684146
1 0.38894213315927323 0.21923456632459362 0.37590506436087456 0.21140861221669863 0.37619436820721347 0.22169057563244052 0.39181677590951425 0.23197253904818235 0.39152747206317534 0.22117647746165336
1 0.3724490776037177 0.2079176938966101 0.3620184797366072 0.19907025611780832 0.3623077835829462 0.20883812136276317 0.37503715282185796 0.2201482811200792 0.3753264566681968 0.20986631770433734
1 0.36058565167779183 0.1976296280529887 0.3518928451147456 0.19135878355600197 0.3530500605001013 0.19958435428859544 0.36143987204392947 0.20729582685040185
1 0.34930092945556956 0.18888477208591048 0.3437923374172564 0.1846755073357697 0.34437094510993416 0.19341517623915033 0.35160354126840676 0.1985561579470213 0.35160354126840676 0.19033058721442778
1 0.3403206912611896 0.18210501648183425 0.32932714510031125 0.17285124940766655 0.32961644894665015 0.18004862379868586 0.3339560066417337 0.18313321282340844 0.3432137297245786 0.191872881726789 0.3432137297245786 0.1841614091649826
1 0.32759954056668067 0.17088065685957304 0.3226731566345164 0.17079485672451816 0.3287485374076334 0.17850632928632462
3 0.4132476887148288 0.2233497926620422 0.3921060797558532 0.21089451404591153 0.3923953836021921 0.22220467380322756 0.4155396913093043 0.23814171709762755 0.41496108361662654 0.2304302445358211
3 0.3872060220481622 0.2079176938966101 0.37619436820721347 0.20061255063016964 0.37619436820721347 0.2119227103874857 0.39123816821683643 0.22117647746165336 0.39123816821683643 0.2098663177043374
3 0.37215972575186584 0.19814403134516975 0.36115056819759056 0.19135878355600197 0.3614398720439294 0.19958435428859547 0.3750371528218579 0.20883812136276314 0.3750371528218579 0.20061255063016964
3 0.35884954056668067 0.18888477208591048 0.35189284511474567 0.1851896055065568 0.3521821489610846 0.19135878355600197 0.3611505681975906 0.1964997652638729
3 0.34959028130742137 0.18322633587191872 0.3426351220319008 0.1779922311155375 0.3432137297245786 0.18518960550655678 0.35160354126840676 0.19084468538521482 0.35160354126840676 0.1867319000189181
3 0.3371383489514616 0.17233715123687948 0.3345346143344115 0.17233715123687945 0.33164157587102244 0.16822436587058273 0.32932714510031125 0.17182305306609238 0.3354025258734282 0.1790204274571117 0.3426351220319008 0.1841614091649826 0.34176721049288405 0.1779922311155375 0.3394527797221728 0.17747813294475043
1 0.4097754664926066 0.8910493811462151 0.4236401990067936 0.9700700135768497 0.4357909605530275 0.9628726391858305 0.4994378067475862 0.9238011782060114 0.544569206776455 0.8934693861295728 0.5075383144450755 0.7911638501429411 0.48150096827457417 0.8163546605115087 0.4383946951700776 0.8559402196621151 0.42740114900919934 0.866736281248644 0.41496108361662654 0.8806169318598955
1 0.28013194797439855 0.20476337291852198 0.28127153573481334 0.2011252640398418 0.27895710496410214 0.1903292024533128 0.2775105857324076 0.18416002440386767 0.2777998895787465 0.17696265001284836 0.2801143203494577 0.17233576647576454 0.28618970112257464 0.1707934719634032 0.285032485737219 0.17799084635442255 0.28879343573962485 0.19238559513646114 0.30441584344192557 0.24071082319044804 0.32322059345395426 0.29520522929387993 0.34925793962445556 0.36460848235013765 0.3669054742511287 0.4144760049164858 0.3923642127289521 0.4833824734813286 0.43199883967738173 0.5914571186827345 0.4612185281576109 0.6690859424715856 0.5011424589523795 0.7766249901885475 0.4797339743233008 0.7951325243368829 0.4484891589186992 0.823407923730173 0.4288164973676538 0.8404627125850054 0.41666573582141986 0.8528010686838957 0.4053828858142027 0.8671958174659343 0.37963484349004034 0.7160509552545288 0.3680626896364842 0.7217060351331868 0.3599621819389949 0.6790358869578579 0.3645910434804173 0.6718385125668386 0.3576477511682837 0.6651552363466063 0.35562262424391133 0.6440089502127166 0.34954724347079436 0.6177899435025748 0.3171452126808373 0.4243566946622736 0.2882148280469469 0.25410164451715356
1 0.45721528130773187 0.4063971177724654 0.3958358588850189 0.32556129025655967 0.3761631973339735 0.32761768293970805 0.3981502896557301 0.36514684940716596 0.44038865122121 0.43197961160948817 0.47250137816482823 0.4844176250297717 0.5428474435087688 0.594552848557809 0.5709099166036424 0.6387652912454991 0.6030226435472605 0.6886328138118473 0.6064942897033274 0.6845200284455505 0.6001296050838716 0.671153476005086 0.5960793512351269 0.6593292180769829 0.5949221358497713 0.6485331564904538 0.5966579589278047 0.638251193074712 0.6024440358545827 0.6279692296589701 0.6073622012423442 0.6243705424634605 0.607651505088683 0.6151167753892929 0.6018654281619049 0.6058630083151251 0.5966579589278047 0.5935246522162348
3 0.5376782442701773 0.7459876527511534 0.6018625478311281 0.6883692359398282 0.5526808939535145 0.610651856531786 0.42365137848636375 0.40644801983107925 0.3762055476867837 0.32923558495200483 0.3958782092378292 0.3251227995857081 0.4317518861838531 0.3713916349565466 0.46646834774452145 0.4171463721565979 0.49250569391502275 0.45210504777012034 0.5173858247001684 0.48603552704206854 0.5972336862897056 0.5925485768524064 0.5946299516726554 0.5822666134366645 0.5949192555189943 0.5730128463624968 0.5978122939823833 0.568385962825413 0.6018625478311281 0.5606744902636066 0.608227232450584 0.5565617048973098 0.608227232450584 0.5431951524568454 0.6004160285994335 0.5298286000163809 0.5949192555189943 0.5210889311130003 0.5949192555189943 0.50875057501411 0.5954978632116723 0.5005250042815165 0.5989695093677391 0.49178533537813596 0.6044662824481782 0.4856161573286908 0.39616751308416803 0.28449790325237384 0.3354137053529983 0.21612284653769034 0.3174768668799864 0.2068690794635227 0.3125587014922251 0.20327039226801297 0.30792983995080264 0.19547135769588111 0.30127585148500785 0.18416119793856503 0.2983828130216188 0.17696382354754572 0.2983828130216188 0.1682241546441651 0.28853496092298836 0.1697664491565264 0.28737774553763273 0.1759356272059715 0.28969217630834393 0.18518939428013917 0.29374243015708856 0.19752775037902945 0.2975033801594943 0.20780971379477134 0.3067611032423392 0.2288877387970422 0.3119685724764395 0.24276838940829368 0.3154402186325063 0.2561349418487581 0.31949047248125095 0.2797834577049645 0.32151559940562324 0.2895513229499193 0.34089895711032975 0.3430175327117771 0.37677263405635375 0.4387130216127308 0.39818111868543254 0.4978343112532466 0.44244460717528467 0.6192960146183049 0.46211726872633013 0.6707058316970143 0.5014625918284209 0.7767067705358998
3 0.6069444550408256 0.7040123409695096 0.5078802407463743 0.7900639345847515 0.5460683484631095 0.8918553724005962 0.5252384715267086 0.9088206120365703 0.4696921330296392 0.9442933858208796 0.4245607330007703 0.9735969815557441 0.4315040253129041 1 0.9991865306166381 0.9967313992411633 1 0.8718055437398994 0.6546256496270048 0.5309584565080561 0.6537577380879881 0.628123010786817 0.6554935611660215 0.634292188836262 0.6667764111732386 0.628123010786817 0.6745876150243891 0.6404613668857072 0.6745876150243891 0.6527997229845974 0.6676443227122555 0.6558843120093201 0.6667764111732386 0.6527997229845974 0.6520219150099548 0.6651380790834878 0.6902100227266899 0.7083223254296036 0.734473511216542 0.7638449278746098 0.734473511216542 0.7761832839735 0.7153794573581744 0.7838947565353065 0.6754555265634058 0.8085714687330869 0.6311920380735536 0.7329990376273842 0.6233808342224033 0.7237452705532164 0.6120979842151861 0.7222029760408551
1 0.6521041772587017 0.6731481434386453 0.6502860919319212 0.7499642772633582 0.6442107111588041 0.7499642772633582 0.6789271727194724 0.8070291742207257 0.7336055996775254 0.7700141059240548 0.6589652073220883 0.6743918461576554
1 0.6382152883698128 0.7364197483769169 0.6311920380735536 0.732999037627384 0.641606976541754 0.7530488662880808 0.6433427996197875 0.7453373937262744